19,144
19,143
19,142
19,141
19,140
19,139
18,11
18,10
19,138
19,137
19,136
19,135
19,134
19,133
19,132
19,131
19,130
19,129
19,128
19,127
19,126
19,125
19,124
19,123
19,122
19,121
19,120
19,119
19,118
19,117
19,116
19,115
19,114
19,113
19,112
19,111
19,110
19,109
19,108
19,107
19,106
19,105
19,95
19,94
19,93
19,92
19,91
19,90
19,89
19,88
19,87
19,86
19,85
19,84
19,83
19,81
19,80
19,79
19,75
19,74
19,73
19,72
19,71
19,70
18,9
19,69
18,8
19,68
19,67
19,66
19,65
19,64
19,39
19,38
19,37
19,36
19,35
19,34
19,33
19,32
19,31
19,30
19,29
19,28
18,7
18,6
19,27
19,26
19,25
19,24
19,23
19,22
19,21
19,20
19,19
19,18
19,17
19,16
17,125
17,124
17,123
17,122
17,121
17,120
17,119
17,118
17,117
17,116
17,115
17,114
17,113
17,112
17,111
17,110
17,109
17,108
17,107
17,106
17,105
17,104
19,12
19,11
19,10
19,9
19,8
17,81
17,80
17,79
17,78
17,77
17,76
17,75
17,73
17,72
17,71
17,70
17,69
17,68
17,67
17,66
17,65
17,64
17,37
17,36
17,35
17,34
17,33
17,32
17,31
17,30
17,29
17,28
17,27
17,26
17,25
17,24
17,23
17,22
17,21
17,20
17,19
17,17
17,15
17,14
17,13
17,8
17,7
17,6
5,5
5,4
5,2
5,0
19,7
19,6
19,5
19,4
19,3
19,2
19,1
19,0
18,5
18,4
18,3
18,2
18,1
18,0
17,5
17,4
17,3
17,2
17,1
17,0
16,4
16,3
16,2
16,1
16,0
15,8
15,7
15,6
15,5
15,4
15,3
15,2
15,1
15,0
14,5
14,4
14,3
14,2
14,1
14,0
13,4
13,3
13,2
13,1
13,0
12,5
12,4
12,3
12,2
12,1
12,0
11,5
11,4
11,3
11,2
11,1
11,0
10,5
10,4
10,3
10,2
10,1
10,0
9,5
9,4
9,3
9,2
9,1
9,0
8,6
8,5
8,4
8,3
8,2
8,1
8,0
7,3
5,3
4,3
3,2
2,2
1,2
0,9
1,45
3,44
2,44
1,44
3,43
2,43
1,43
3,42
2,42
1,42
3,41
2,41
1,41
3,40
2,40
1,40
3,39
2,39
1,39
3,38
2,38
1,38
3,37
2,37
1,37
3,36
2,36
1,36
3,35
2,35
1,35
3,34
2,34
1,34
3,33
2,33
1,33
3,32
2,32
1,32
3,31
2,31
1,31
3,30
2,30
1,30
3,29
2,29
1,29
3,28
2,28
1,28
3,27
2,27
1,27
3,26
2,26
1,26
3,25
2,25
1,25
3,24
2,24
1,24
3,23
2,23
1,23
3,22
2,22
1,22
3,21
2,21
1,21
3,20
2,20
1,20
3,19
2,19
1,19
3,18
2,18
1,18
3,17
2,17
1,17
3,16
2,16
1,16
3,15
2,15
1,15
3,14
2,14
1,14
3,13
2,13
1,13
3,12
2,12
1,12
3,11
2,11
1,11
3,10
2,10
1,10
3,9
2,9
1,9
3,8
2,8
1,8
3,7
2,7
1,7
3,6
2,6
1,6
3,5
2,5
1,5
3,4
2,4
1,4
3,3
3,0
2,3
2,0
1,3
1,0
0,6
0,0
0,47
0,46
0,49
0,48
0,45
0,12
0,10
0,8
0,11
0,5
0,7
0,4
0,3
